amp1 = 26.8;
width1 = 0.5;
delay2 = 6;
amp2 = 145.2;
width2 = 0.5;
hhsplot(0,40);
